"Astro","Endo","L2.3 IT","L4","L5 IT","L5 PT","L6 CT","L6 IT","L6b","Lamp5","NP","Pvalb","Sncg","Sst","Vip"
"AAACAAGTATCTCCCA-1_24",0.0582644933955714,0.0323161430237377,3.951680122872e-05,0.0423255187337099,0.0891237185608445,3.77422159519495e-05,0.0959745686681153,0.481790691219146,0.0634440070174257,0.0111442750100319,0.00857266107881447,0.0449993573005995,0.0530890826863968,0.0188404820726103,3.77422158163926e-05
"AAACATTTCCCGGATT-1_24",0.142953485752654,0.0443027985029541,0.0587486861124113,0.0576015812641399,0.0014276520099955,0.000121404563858689,0.0357351025202919,0.076411661318646,0.0769627238700055,0.0251088064308147,0.000121404563858693,0.257584943384379,0.00012140456385869,0.222676940578273,0.00012140456385869
"AAACCCGAACGAAATC-1_24",0.111155847723154,0.0177684155623578,0.000110887891996164,0.412237644909572,0.107769116970255,0.000110887891996169,0.000110887891996169,0.000110887891997569,0.000110887891996173,0.000110887891997621,0.0102535411199607,0.31730179541094,0.00903768801629421,0.00442928116104236,0.00938134177444333
"AAACCGTTCGTCCAGG-1_24",0.172561623881494,0.0301447538279673,0.0163030961012641,0.000130346788989919,0.0810492446216475,0.00240466327993439,0.00013034678898992,0.0130573977677544,0.124323271202777,0.000130346788989919,0.0191011977976576,0.373309425744275,0.0447550512576283,0.0207572948406588,0.101841939309972
"AAACCTAAGCAGCCGG-1_24",0.0850843803103035,0.0469451484364902,0.26605470132498,0.0276722669367264,0.000171096239757444,0.000171096239757439,0.129685075478143,0.0683142582680981,0.0248690595319148,0.0395731214719941,0.000171096239757443,0.0155598575151662,0.000171096239757444,0.236658758575584,0.0588989871915697
"AAACGAGACGGTTGAT-1_24",0.12633392856271,0.0220933728489266,0.232573826314773,0.0837693853731027,0.000167872570434481,0.0394661187619216,0.256271219577026,0.000167872570434472,0.000167872570434478,0.000167872570434484,0.000167872570434484,0.154841844810551,0.0272654502131671,0.0500776565992226,0.00646783408642733
"AAACGGGCGTACGGGT-1_24",0.100290103430136,0.0079256186307122,0.203137750378545,0.0647906836674024,0.286233167940685,0.014573411915679,0.0313763941067762,0.000163976059498591,0.000163976059498589,0.000163976059498595,0.0586402676003904,0.0892383138125046,0.00888947478098371,0.126901223789173,0.00751166176851611
"AAACGGTTGCGAACTG-1_24",0.326189817004675,0.0656600084429147,0.000139700573943059,0.000139700573943059,0.0879781558021942,0.00013970057394306,0.00013970057394306,0.0126621806392808,0.0220676977878615,0.00013970057394306,0.045799356038929,0.342555779843305,0.0541443975217324,0.0262404806286124,0.0160036234207795
"AAACTCGGTTCGCAAT-1_24",0.158051407840372,0.0162372074975764,0.289614653340471,0.000166341164849557,0.000166341164849555,0.109021096299242,0.0117075930980349,0.101932357557017,0.000166341164849557,0.031204214710054,0.0289655798276339,0.130993640036962,0.000166341164849557,0.121440543968366,0.000166341164872667
"AAACTGCTGGCTCCAA-1_24",0.0978853623730574,0.0175516344844435,0.394237873358264,0.059223371647625,0.000115895091328872,0.0937524107705923,0.121173660052606,0.00011589509132887,0.000115895091328868,0.000766493161151682,0.000115895091328869,0.147907725266818,0.000115895091328869,0.0167241098222682,0.0501978836065304
"AAAGACCCAAGTCGCG-1_24",0.0347295682870625,0.0102250854510887,0.748074915099788,0.143328996935153,0.000189998855479026,7.82320630747964e-05,0.0103820501860578,0.000121982582157752,7.82320630732281e-05,7.82320630752697e-05,7.8232063074802e-05,0.0323480777349351,7.82320630747964e-05,0.020129932489827,7.82320630783132e-05
"AAAGGCTACGGACCAT-1_24",0.164428512806906,0.0387982196627139,0.000130658784405901,0.000130658784405901,0.0764048238606345,0.00260851611728243,0.000130658784405901,0.000130658784405901,0.0415010331924508,0.000141388811192122,0.0917150252174742,0.432282592181219,0.0638128514844413,0.0581243464251911,0.0296600551028713
"AAAGGCTCTCGCGCCG-1_24",0.278073901258343,0.320764075990691,0.000132555246300372,0.00773252141891799,0.000132555246298129,0.000132555246298124,0.000132555246297674,0.000132555246297651,0.000132555246298138,0.000132555246298135,0.217205563159492,0.0561634780978784,0.049602429226761,0.0673159129463127,0.00221423117751465
"AAAGGGATGTAGCAAG-1_24",0.095354856356315,0.0251537753080995,0.000115471742383838,0.00012425793480221,0.170948505523037,0.000115471742383839,0.438388486412165,0.205581168338557,0.0274051581850066,0.00683821762544302,0.00011547174238384,0.0121497023676516,0.00011547174238384,0.0174785132369755,0.000115471742412215
"AAAGTCACTGATGTAA-1_24",0.0428360920491958,0.0123586302261699,0.690835189858944,0.0972878159633471,0.0332431683696525,5.41730253013113e-05,0.027069242862481,0.0327376236971819,5.41730253013276e-05,5.41730253013139e-05,5.41730253013131e-05,0.0127298236305715,0.0183488035775234,0.0274331382743625,0.00490377938936552
"AAAGTGTGATTTATCT-1_24",0.11986672073505,0.0325719246929634,0.373726822315554,0.153764266073524,0.000178001581058679,0.000178001581058671,0.0575386631251348,0.0307340504462081,0.000178001581058673,0.00255871762090196,0.000178001581058667,0.177964486499642,0.0425409175614702,0.000178001580848432,0.00784342302446901
"AAAGTTGACTCCCGTA-1_24",0.166884350608355,0.0143061186520758,0.179820103026805,0.136367339553843,0.0740886206548219,0.084389056530881,0.135183568198332,0.000172148305907523,0.000172148305907544,0.0144956108178903,0.00773865285384558,0.123698955228174,0.0355182232055057,0.00801296478915466,0.0191521392685001
"AAATAACCATACGGGA-1_24",0.0976538731910202,0.01970754187549,0.278402551813031,0.248272607208067,0.000113039878217511,0.000122777993723545,0.000113039878217508,0.000115689819268461,0.000113039878217512,0.00011303987821751,0.000113039878217505,0.126611097408627,0.195299996000898,0.0329058868905019,0.00034277840828626
"AAATAAGGTAGTGCCC-1_24",0.0932806997986651,0.0182985830677783,0.353118407620552,0.364542718973742,0.00372480250660912,8.30174739099738e-05,8.30174739099709e-05,0.0335411964737455,0.00474432106651005,0.0368834533365714,8.30174739099701e-05,0.0818345434457761,0.00961618634051023,8.30174739099706e-05,8.30174739006634e-05
"AAATACCTATAAGCAT-1_24",0.0685410217181316,0.0199167330629387,0.348328555670814,0.0668626151420911,0.000162201129507119,0.0640724606618392,0.129545151840343,0.000162201129507113,0.000162201129507117,0.0172980962323781,0.000162201129507115,0.14632967562516,0.0136163970522348,0.0940060332077919,0.0308344552682486
"AAATAGCTTAGACTTT-1_24",0.076772127342811,0.0105950468200644,0.000109028124012684,0.0286116693330269,0.205265316239442,0.302996350686099,0.0401939466971399,0.000109028124012686,0.000109028124012683,0.0411796255829866,0.0137667870747581,0.24371930413752,0.000109028124012684,0.0363546854657075,0.00010902812439442
"AAATAGGGTGCTATTG-1_24",0.150790680836424,0.0289018941150813,0.376513690280557,0.0331082681503963,0.0141154586726808,0.0286679710090986,0.179027141943844,0.000169519676072994,0.000169519676072984,0.0143094015645311,0.000169519676072983,0.0979517546757987,0.0188098550064768,0.0324967193185473,0.0247986053983444
"AAATCCGATACACGCC-1_24",0.190103857940027,0.0768590340204859,0.0548996625234719,0.000135176130179457,0.133001809738636,0.000135176130179455,0.000135176130179454,0.000135176130179453,0.123397307844553,0.00424136869126602,0.103319869451626,0.112669761385946,0.0707136338005941,0.130117813952491,0.000135176130184769
"AAATCGTGTACCACAA-1_24",0.160756829856682,0.0692069946356785,0.239578186834208,0.000180093422742568,0.000180093422742566,0.0247548392508595,0.119868875864314,0.108381612323218,0.0031877288101079,0.000180093422742567,0.0560089446120931,0.161078277198641,0.0123312434348559,0.000180093422598246,0.0441260934885162
"AAATCTAGCCCTGCTA-1_24",0.0676549900248038,0.0119676401703621,8.33195346442411e-05,9.50394040256361e-05,0.163906391964039,7.93270766941293e-05,0.00926196524590454,0.476655706971839,0.169429125565928,7.93270766941358e-05,0.000695490463898956,0.0236225503018867,0.0374424586469312,0.0389473404755285,7.93270768199787e-05
"AAATGACTGATCAAAC-1_24",0.124955293235181,0.0244456808257596,0.364298094862944,0.0449590588318334,0.000116557388096568,0.000116557388096572,0.186538885754268,0.000116557388096574,0.000116557388096576,0.0255286963428687,0.000116557388096575,0.139224413189394,0.000116557388096573,0.0516257611538554,0.0377247714753164
"AAATGGCATGTCTTGT-1_24",0.0803463009934032,0.0206353477796196,0.5914504075046,0.177065159855836,0.0328124672535382,7.74904632329193e-05,0.000204524286099303,7.74904632329158e-05,7.7490463232917e-05,0.0138015184233756,7.74904632329166e-05,0.0494336142251598,0.00535945205629043,0.0112420313180919,0.0173392144510541
"AAATTAACGGGTAGCT-1_24",0.0850066152363306,0.0503411992315759,0.316594693917273,0.000171798522232113,0.000170387376958678,0.0674458433836242,0.136479659262259,0.073749652965445,0.0197596155207836,0.0252485451728688,0.000170387376958677,0.121925032176093,0.00511727655981858,0.09764890592082,0.000170387376958677
"AAATTACACGACTCTG-1_24",0.171785101331082,0.0170200114024397,0.405410286005902,0.290774776735997,5.84043114178407e-05,5.84043114178384e-05,7.98619007711661e-05,0.000122643854919505,5.84043114277191e-05,0.043880947970534,5.84043114178363e-05,0.051364599146822,0.0105496360738544,0.00872011402057904,5.84043114176077e-05
"AAATTACCTATCGATG-1_24",0.10384124936103,0.00678505319010079,7.92296291529528e-05,0.0632034128445066,0.356217971730066,0.152772687942352,7.92296291529549e-05,7.92296291529487e-05,7.92296291529631e-05,0.0299147067782083,7.92296291529587e-05,0.276881128736294,7.92296291529565e-05,0.00982918201354938,7.92296289752164e-05
"AAATTCCAGGTCCAAA-1_24",0.117492379930884,0.0175168893285017,0.468729523306141,0.270418412240577,0.000146690066351763,0.0110634560308311,0.000113895819810868,0.000113895819880688,0.000113895819810874,0.016410171606976,0.0111292303683187,0.0491682936436117,0.020730662598467,0.0167387076000264,0.000113895819811034
"AACAACTGGTAGTTGC-1_24",0.110195351602384,0.0180548303118137,9.34306841956357e-05,0.0238055380684886,0.159413827468089,0.138883882626895,8.41605788793905e-05,0.360705581490121,0.000191851278786203,7.63239796634402e-05,0.106403414802256,7.63239796634407e-05,0.0199402882833475,0.0619988708656321,7.63239797845114e-05
"AACAATACATTGTCGA-1_24",0.07630680464043,0.0368519008357953,0.00017993718828258,0.000179937188282584,0.0842688058411916,0.000179937188282585,0.000179937188282584,0.000179937188282589,0.0254900371078756,0.0402240762178434,0.0859495698624068,0.152732125912648,0.032780310061899,0.464316746390207,0.000179937188290068
"AACACACGCTCGCCGC-1_24",0.142804941387992,0.0454332885433891,0.267922817503572,0.10116140475922,0.0523270088464829,0.127538750500325,0.000174586155295466,0.000174586155295471,0.08957637531732,0.0133753761610108,0.000174586155295466,0.106450602118252,0.0290201225435617,0.0112174640612787,0.0126480897917082
"AACAGGAAATCGAATA-1_24",0.0976017263409885,0.00878184607015913,0.0309938073120621,0.367729026015762,0.270765681863537,3.93510380882283e-05,0.0649864322806403,3.9351038088231e-05,3.93510380882287e-05,0.0134596311768399,3.93510380882235e-05,0.138772552144916,3.93510380882281e-05,0.0066731905632469,3.93510414070161e-05
"AACAGGTAGTATGGAT-1_24",0.0901407395615001,0.018393499671236,0.0388479111307715,0.0242651410319721,0.0895225208416779,0.0376211026279999,0.000129308154279913,0.539491049332117,0.00014470807793524,0.000116039003671709,0.060277075187346,0.0207003213598052,0.0189770525459293,0.0612574924700868,0.000116039003671254
"AACATAGCGTGTATCG-1_24",0.138393057573275,0.0365894611278283,0.244375046625668,0.0437517168585758,0.000191704393083156,0.000191704393083171,0.10602545512913,0.00824737771227894,0.0208074435377689,0.00019170439308317,0.117255569366405,0.189582464901693,0.00244402392607681,0.0774877605989044,0.0144655094631462
"AACATATCAACTGGTG-1_24",0.14472377766346,0.0194427517302577,0.000116298635737244,0.346797673734182,0.112821556509911,0.0487532418782306,0.121368836802427,0.000116298635737241,0.000116298635737244,0.000116298635737243,0.011238173814829,0.156851429430097,0.000116298635737243,0.0373047666217751,0.000116298636144441
"AACATTGTGACTCGAG-1_24",0.1904854090249,0.0697954020257127,0.0174445668422963,0.000197479432401734,0.0242979795362494,0.000197479432401735,0.000197479432401735,0.124602985273589,0.0161364842554741,0.0133346584242878,0.0501037890089126,0.061744251494731,0.0134120712693161,0.321701778586352,0.096348185960974
"AACCCAGAGACGGAGA-1_24",0.117249607132456,0.0139212482701648,0.436115758230457,0.219243112924404,0.10474548590906,4.00923739178581e-05,4.00923740240006e-05,0.0254230068518669,0.0176510635105713,4.00923739178517e-05,4.00923739178469e-05,0.0118410455771806,0.0167008825578929,0.0369083271662488,4.00923739195204e-05
"AACCCGACAACCCGTG-1_24",0.0984691676590463,0.0168876673329559,0.000128960921879284,0.000128960921879323,0.100541236108289,0.00847919121593179,0.000128960921879339,0.000128960921879323,0.020108501853451,0.000128960921879322,0.0367196720051379,0.525455153195543,0.0479819058153008,0.144583739283059,0.000128960921888753
"AACCCGAGCAGAATCG-1_24",0.0317410581901911,0.0107382868639046,0.393552023416222,0.000122158904659931,0.205871769312105,0.000113249537644636,0.0320631573586239,0.2198400562926,0.0658554257792247,0.000113249537643795,0.000113249537644639,0.0271791002200726,0.0065343880306068,0.00604957748109942,0.00011324953775653
"AACCCGCTGTATTCCA-1_24",0.0587011851698533,0.0136000619872179,0.394257947301707,0.00594005415792751,0.000166355440326955,0.1110281266853,0.115071732064921,0.00024669232891098,0.000166355440326951,0.000166355440326955,0.000166355440326944,0.207466355091523,0.0231472365000882,0.0368136570251234,0.0330615299261194
"AACCCTACTGTCAATA-1_24",0.0909148249518393,0.0288401078296696,0.262670789299006,0.0945228710176992,0.0281618094005526,0.09124958458659,0.157141380707095,0.000113796118525203,0.0218554683697257,0.000113796118525213,0.00011379611852521,0.145411604660641,0.0344989758717755,0.0442773988313044,0.000113796118525919
"AACCGAGCTTGGTCAT-1_24",0.0621131750333749,0.0100101258015552,0.068110366815557,0.0529372545859709,0.332804038796263,0.000157126725113822,0.139648826199265,0.013655791060424,0.0180070733776042,0.000819347283075446,0.000157126725113817,0.252646220089024,0.00779055830200522,0.040985842480519,0.000157126725134638
"AACCGCTAAGGGATGC-1_24",0.13379139625911,0.013015870140205,0.323989383243167,0.0420199569224779,0.082311638068368,0.062464851301133,0.0747899930148858,0.000117827001878265,0.0723126947379025,0.000117827001878266,0.000117827001878265,0.112332894068713,0.0486561202654035,0.0220545690098627,0.0119071519631371
"AACCGTTGTGTTTGCT-1_24",0.115953071832385,0.00740569591169203,0.519309461953541,0.213289146909204,0.0468227993371516,0.000111873081101781,0.0211540116798834,0.000112008684869201,0.000111873081101786,0.0289786352779888,0.000111873081101787,0.0142352954086781,0.000111873081101787,0.0321805075987071,0.000111873081493491
"AACCTCGCTTTAGCCC-1_24",0.168133997190765,0.0335906916229957,0.34764613093234,0.0537108151197769,0.00018113721836974,0.0318363123698685,0.149058069956834,0.00140380401291888,0.0394689109122843,0.00018113721836974,0.00018113721836974,0.0787559578529561,0.0130304000045055,0.0405273294426778,0.0422941689269681
"AACCTGTCACGGAATT-1_24",0.11443378582816,0.0135266196864117,0.316259261569966,0.162107741848381,0.0647692359745079,7.61842651312074e-05,7.61842651312075e-05,0.0133350461518606,0.00776001602529204,7.61842651312108e-05,7.61842651311975e-05,0.305724093959177,7.61842651312095e-05,0.00162709336424039,7.61842663462141e-05
"AACCTTTAAATACGGT-1_24",0.156132670121993,0.016479624291192,0.379460693374441,0.000119869803818879,0.000116818011209725,0.115343585184401,0.13268754575145,0.000116818011209697,0.000116818011209712,0.000116818011209711,0.00011681801120971,0.0971316786385987,0.000116818011209711,0.0704774382428431,0.0314659865240033
"AACCTTTACGACGTCT-1_24",0.0720523033740098,0.013765771246914,0.464807389514254,0.295048834531627,5.49073475663059e-05,5.49073475663668e-05,7.08637253836175e-05,8.84479326699917e-05,5.49073475663267e-05,0.0106655044919993,5.4907347566335e-05,0.0439567964841936,0.0188035612004453,0.0557571291101294,0.0247637689981084
"AACGATAATGCCGTAG-1_24",0.0946558198254431,0.0350222619217504,0.390141026189617,0.000181189809036516,0.00016998441837886,0.117576082744906,0.128885832091021,0.0248383006845222,0.00016998441837886,0.0363093822209065,0.00016998441837886,0.0860684951399977,0.0203397591690918,0.0366936641238989,0.028778232824673
"AACGATAGAAGGGCCG-1_24",0.097343040875303,0.0142756785469215,0.000254661866296309,0.0321000852630093,0.521889518650047,0.00264882741730868,0.121029109185254,0.000167210202878218,7.79711028371848e-05,0.00911067722887997,0.0580788837265041,0.131518468098787,0.00461716466141166,0.0068107320718431,7.79711027192e-05
"AACGATATGTCAACTG-1_24",0.0591958344040653,0.0190088209918396,7.41934709707968e-05,0.0966976017643082,0.304063099832154,7.41934709707947e-05,0.353114675800827,0.00744053661314674,7.41934709707936e-05,7.41934709707982e-05,7.61048889006919e-05,0.0591372663771574,0.000488805245582074,0.100406286727184,7.4193470952064e-05
"AACGCATGATCTGGGT-1_24",0.10236923649472,0.00576422747608755,0.397336462259147,0.275083349508464,0.000585250472317286,0.000112652325484851,0.0247787863982383,0.000186158913538366,0.000112652325484848,0.0055498675563039,0.00011265232548485,0.121396150884716,0.0223064438169658,0.0441934569171684,0.000112652325879281
"AACGCGACCTTGGGCG-1_24",0.116492271096426,0.0210351795804123,0.0293885393013797,0.000133016985907731,0.000133016985907729,0.0135396703518022,0.000908256424037626,0.000137834260949685,0.000133016985907728,0.0513106640207818,0.0616581345511487,0.0507403345750018,0.160274452230442,0.493982595663544,0.000133016986351172
"AACGCGGTCTCCAGCC-1_24",0.0588301528883941,0.023834240275221,0.00426375735833969,0.130207600436046,0.0903608092610191,0.000111500076047419,0.301926421772085,0.302293198725756,0.000111500076047416,0.014964214827375,0.00011150007604742,0.0533122971272998,0.000111500076047416,0.0194498069478368,0.000111500076437808
"AACGCTGTTGCTGAAA-1_24",0.20484481069586,0.0398583436318867,0.270797207185792,0.161017253874138,0.000238724125863248,0.0998043502869375,0.0269089122613754,0.000127835144029084,0.0465354674069546,0.00328818547653812,0.000127835144029092,0.0583731886880768,0.0315736100921514,0.0326280749993167,0.0238762009870522
"AACGGACGTACGTATA-1_24",0.0897395592497462,0.0209133300184833,0.337045596587375,0.110875075998462,0.0746276080330257,0.143501206050687,0.0432798080509368,0.000248905697385591,0.0145936608576576,0.000248905697385576,0.000248905697385577,0.101594287713417,0.028248205663101,0.0166189597491172,0.0182159849358348
"AACGGCCATCTCCGGT-1_24",0.285212815214418,0.0638581749007047,9.89511887812761e-05,9.89511887812768e-05,0.103877410642255,0.12587770633044,9.89511887812756e-05,9.89511887812727e-05,9.89511887812741e-05,0.0473947240348405,0.0857671167920457,0.192706661074647,0.0946127326862011,9.89511891158975e-05,9.89511914252075e-05
"AACGTACTGTGGGTAC-1_24",0.256945137016738,0.0247146144492604,0.0489639973558036,0.0179194515068632,0.0295986424451898,0.0356722129455069,3.23072205271865e-05,0.0551946002944955,0.10813712054333,0.00347568892987944,0.0965130377597494,0.140935911156442,0.054579665118318,0.127285306036437,3.230722145952e-05
"AACGTCAGACTAGTGG-1_24",0.0939770238401537,0.0116748655251052,0.151598391892483,0.443931605475581,0.121417191477719,0.0298869970407004,0.0635457826881484,0.00036259742344161,9.38059357119487e-06,9.380593571194e-06,9.38059357119622e-06,9.38059357119252e-06,0.0448387217434146,0.038719919925354,9.38059361388259e-06
"AACGTGCGAAAGTCTC-1_24",0.110361482900633,0.0599947374944002,0.305273547546138,0.0672522325732929,0.000115478724350007,0.000115478724350003,0.136337133505484,0.000115478724349999,0.0707660327382944,0.042291131475687,0.00011547872435,0.0917027826521181,0.0194841094580512,0.0959594160341509,0.000115478724350003
"AACTACCCGTTTGTCA-1_24",0.0998333550582033,0.0300634794736393,0.0452843122113396,0.234447595300052,0.291422375355551,1.109924671402e-06,0.0274834041551849,0.0986723032381192,0.0302479902672465,0.0155432419774386,0.0398079190301867,0.0541725535254472,0.00539750964216442,0.0276217409148501,1.1099259054532e-06
"AACTAGGCTTGGGTGT-1_24",0.108567920301788,0.0354539776517241,0.213699942534782,0.000238701291543537,0.000238701291543539,0.135216657066232,0.0100870001935916,0.108818759790473,0.013887116852015,0.0502628660603297,0.0491878106757905,0.0546105559367947,0.025144676511046,0.189738320558886,0.00484699328346019
"AACTCAAGTTAATTGC-1_24",0.15257700810001,0.0239149767055612,0.146575455805112,0.000188316544840451,0.0445808617788396,0.131795689465802,0.0423769881778174,0.0856399475415674,0.0139170235819194,0.0861468022951728,0.0365726403324774,0.00769174134379506,0.0296277673097464,0.198206464472496,0.00018831654484336
"AACTCCAGAGCGTGTT-1_24",0.0517105127761147,0.00883144241406436,0.619696353564622,0.0137086118820375,0.0741728399543853,8.34096306258604e-05,0.0961695521371622,8.3409630625848e-05,0.0150974773264904,0.0157671799785135,8.34096306258597e-05,0.0891835719434835,0.00174527930497979,0.0135835401956433,8.34096306258585e-05
"AACTCTCAATAGAGCG-1_24",0.148159968639164,0.0430659401347173,0.0454969029459536,0.00282951171827249,0.123847373854926,1.94646551302135e-05,0.142443668760711,0.000323669347188106,0.320191033076006,1.94646551302177e-05,1.94646551302163e-05,0.12330619602667,0.0341091632352988,0.0161487136390931,1.94646566087291e-05
"AACTCTCAGTGTGCTC-1_24",0.16200292358244,0.0268203613602976,0.000180811744760834,0.000180811744760834,0.000180811744760841,0.0299649455637947,0.000180811744760838,0.0161191439689073,0.119372323797794,0.0514282850461193,0.080048041278454,0.067021457585616,0.0600350392727756,0.373973005036493,0.0124912265282643
"AACTGATATTAGGCCT-1_24",0.0620305628302161,0.0198472739564897,0.00507017964641469,0.0867629821198837,0.644773159337036,0.0080030079940106,0.0739529048724703,0.000112780455095872,0.00011144484120869,0.00370535182877125,0.000111444841208694,0.0645018002461612,0.00382199925188084,0.0255527063213424,0.00164240145781036
"AACTGGGTCCCGACGT-1_24",0.0962970010117021,0.00947653422779436,1.85341098442234e-05,0.0305557297260464,0.293569987054103,0.166891379260316,0.184451875707527,0.0740456136456107,1.85341098442228e-05,1.85341098442229e-05,0.0307935458329967,0.0624052195818032,0.00385928813025722,0.0475796893828461,1.85341094636124e-05
"AAGACCCAACTGAACA-1_24",0.144641884080205,0.0301898742177108,0.0360923664988417,0.000183830452326692,0.000183830452326699,0.153619745057396,0.0677241839754756,0.102919013711294,0.059225334069202,0.0322240356179329,0.028546818724126,0.0348129616390366,0.000183830452326692,0.266720601104439,0.0427316899473599
"AAGACTGCAAGCTACT-1_24",0.273071885380749,0.101539317468005,0.149278771528996,0.000130845797715047,0.000130845797715048,0.000130845797715048,0.284424381691555,0.0100841267402358,0.000130845797715047,0.0251995625115842,0.0493388510968329,0.0468017391915593,0.0189183053628945,0.0250400750340623,0.0157796008026662
"AAGAGCTCTTTATCGG-1_24",0.0813391575740001,0.0228446873858961,0.422323864849187,0.0398424664201072,0.000114240702592221,0.0382966606971202,0.0983158105294412,0.000114240702592201,0.0318788923967447,0.000114240702592219,0.000114240702592221,0.210890384327989,0.0282277330201503,0.00770183617301729,0.0178815438159773
"AAGAGGCATGGATCGC-1_24",0.137243532159055,0.0296200828399097,0.227472775506815,0.0594139966634557,0.0975655720973312,0.0281616089356089,0.206800054541689,0.000115967586560649,0.000115967586560653,0.000115967586560651,0.000115967586560654,0.145791339634727,0.0302953113681565,0.0370558883204489,0.000115967586559308
"AAGAGGCCCTTTGGAA-1_24",0.0843990529985421,0.0179575534848329,0.208676926174219,0.000164474346859831,0.167864916039275,0.0001638861180193,0.101088970924618,0.281727833926292,0.0329094204688197,0.000163886118019303,0.0001638861180193,0.036191369965362,0.0353078200298552,0.0330561171694427,0.00016388611782424
"AAGATGGCACCGGACC-1_24",0.129571521076763,0.0345007925766289,0.000183379447039525,0.000183379447039519,0.060894911921877,0.000183379447039521,0.000183379447039521,0.000183379447039523,0.0274939511237744,0.00656761380042522,0.0626835584974687,0.152281857430504,0.0815117729379086,0.443393743952415,0.000183379447037981
"AAGATTGGCGGAACGT-1_24",0.143988011444667,0.0163122992112146,0.000163861273030467,0.160626942648791,0.226183799295109,0.000163861273030453,0.296096654058687,0.000163861273030465,0.00016386127303046,0.000163861273030465,0.0220091711407105,0.105856889321447,0.0252095340374649,0.000163861272965467,0.00273353120379131
"AAGCACCCTGCGTATC-1_24",0.0550367155305654,0.0193619820755857,0.44128553800066,0.000169450593653584,0.000116016706159373,0.19293573417428,0.100157513104369,0.0018615844701382,0.000116016706159376,0.000116016706159374,0.000116016706159374,0.13190214154269,0.00904636995428173,0.0199156008149677,0.0278633029141704
"AAGCATACTCTCCTGA-1_24",0.0863232402824932,0.0250492989323943,0.432599897004104,0.0251773379844054,0.000171626377985713,0.0698817369030539,0.155461459701477,0.00447876806642876,0.000171626377985712,0.000171626377985712,0.000171626377985713,0.0694170854403513,0.0488149117768829,0.0270173061413342,0.0550924522551319
"AAGCCGAAGCGGTTTA-1_24",0.132570992334585,0.0144572817980638,8.56191105204211e-05,7.56143936439191e-05,0.0805045676761334,7.56143936439172e-05,0.17506956827285,0.369793025532226,0.0745655832048879,7.56143936439193e-05,7.56143936439208e-05,7.56143936443751e-05,0.000181349999824463,0.148425324025649,0.00396861607704027
"AAGCGCAGGGCTTTGA-1_24",0.163647476610434,0.0199693774549021,0.330248169797989,0.000120763534677053,0.000120763534677051,0.00012076353467705,0.205572121969381,0.00168114735195526,0.000120763534677052,0.000120763534677052,0.000120763534677054,0.147356741652337,0.000120763534677052,0.0968485415064961,0.0338310789137656
"AAGCGTCCCTCATCGA-1_24",0.0971936549854341,0.0273876394945694,0.000122197925854746,0.000122197925854757,0.117186559574961,0.0112595836266459,0.000122197925854755,0.000122197925854748,0.0101741702394585,0.000122197925854744,0.0139978570195152,0.446036040720549,0.0696636528769471,0.20072595531586,0.00576389651678685
"AAGCTAGATCGAGTAA-1_24",0.152838642581871,0.0314976764175875,0.286723880583171,0.0723492640844667,0.000170072336450741,0.149057014155351,0.120281677957953,0.00017007233645074,0.000170072336450736,0.0280809839356096,0.00017007233645074,0.0825682388738871,0.0110093414264209,0.0201346997194489,0.0447782909184297
"AAGCTCGTGCCAAGTC-1_24",0.107270782509755,0.0182821444691363,0.265149342985947,0.103329473696035,0.0181508061682347,0.069192886978968,0.209081798081057,0.000168715522057814,0.000168715522057818,0.0193028909078987,0.000168715522057815,0.15696355346592,0.000168715522057814,0.0114686147509572,0.0211328438978593
"AAGCTCTTTCATGGTG-1_24",0.0747785129170062,0.0223373813572476,0.421711225145389,0.0187400431071305,0.000171348978297161,0.203317396526985,0.0416511747368431,0.00017134897829717,0.000171348978297172,0.0488553340208689,0.000171348978297168,0.110900981226634,0.00107762076856914,0.0395936622338523,0.0163512720462845
"AAGGAGCGGTTGGTGC-1_24",0.248878945215735,0.126352598350688,0.000130567707765835,0.000130567707765831,0.191118066865847,0.000130567707765838,0.223737375434295,0.0198808307446703,0.000130567707765835,0.000130567707765831,0.0963586087248353,0.000130567707765834,0.0529386459867127,0.0205216416638028,0.0194298807668181
"AAGGATCGATCGCTTG-1_24",0.166070752675633,0.0323270477694247,0.000113935818720386,0.0406247840026394,0.230943731927005,0.390229387031466,0.00352757288849341,0.00011393581872039,0.000113935818720396,0.0116480622753782,0.000113935818720391,0.110962554887979,0.000113935818720392,0.0129824916269679,0.000113935821410172
"AAGGATGAGGGACCTC-1_24",0.16813081937457,0.0510211822476062,0.103172041739108,0.0794140384620841,0.197505793944233,5.89410840764996e-05,0.342883054898455,0.000124919918336802,5.8941084076493e-05,5.89410840764951e-05,5.89410840764975e-05,0.034619478439552,5.89410840764993e-05,0.0227750244686405,5.89410870319904e-05
"AAGGCAGGCTGTCTCC-1_24",0.111200109428345,0.0156999509933836,0.176782052230685,0.398073557049281,0.0923924366728655,0.00796286022442107,8.23549196175414e-05,8.07523223789086e-05,8.07523223968161e-05,0.0742025292890158,8.07523223968126e-05,0.123119635258035,8.0752322396816e-05,8.07523223956107e-05,8.07523223854661e-05
"AAGGCGCGTAAAGCTT-1_24",0.0538359557146794,0.0141237359845536,0.444656538166407,0.202749187071099,0.147033743749406,5.48183546292541e-05,0.0517601333250186,0.000244714619420571,5.48183546292682e-05,0.00257847196921117,5.48183546292486e-05,0.00530745170571023,0.0451128438191728,0.0323779504568036,5.4818354630099e-05
"AAGGCTGTGCTCATCG-1_24",0.398072490333092,0.274831480019135,0.127091548119446,0.000141975044059785,0.000141975044059782,0.000141975044059753,0.000141975044059807,0.000141975044075645,0.000141975044059785,0.000141975043495079,0.198442756043188,0.000141975045427959,0.000141975043270654,0.000141975046324029,0.000141975042245994
"AAGGGACAGATTCTGT-1_24",0.118650446595528,0.0415560189641692,7.95608003135766e-05,0.0286269974597636,0.363001402025839,7.95608003135769e-05,0.0110753455259631,7.95608003135784e-05,7.9560800313579e-05,0.0298941002347237,7.95608003135795e-05,0.256282335027165,7.95608003135783e-05,0.15035642856567,7.95607992971547e-05
"AAGGTATCCTAATATA-1_24",0.0819468820894232,0.0166435348460096,0.0231191556695667,0.132709418592717,0.122935080495282,5.25493742512481e-05,0.324407210717188,0.221709151298296,5.25493742512309e-05,0.00303758276471197,5.25493742512223e-05,0.0512259398875629,0.00313588227974592,0.0189199638609355,5.25493758080615e-05
"AAGGTGATAAACCAGC-1_24",0.106359455576226,0.0174632043539812,0.255729475713896,0.129906792307502,0.000168054326086308,0.0734014201618668,0.169146438309044,0.000166657180325518,0.0490942228387681,0.000166657180325506,0.000166657180325511,0.130792680245633,0.0269943922395273,0.0210739600698043,0.0193699323166884
"AAGTAGAAGACCGGGT-1_24",0.148442937495658,0.0236939001761768,0.0367501663645464,0.0694806709572708,0.105440809681233,0.000243116825317941,0.1122587666697,0.263418193071679,0.0133201868959608,0.0262417550271164,0.000158215448285906,0.150952345399835,0.0123711527272395,0.037069567811696,0.000158215448285294
"AAGTCAATTGTCGTCA-1_24",0.178836307815097,0.0252422615733644,0.000134018405009137,0.106446597321106,0.0202730736782315,0.000118983093607148,0.259125977298951,0.319939990140574,0.00011898309360713,0.000118983093607128,0.000118983093607122,0.0858471678905215,0.00344070731550334,0.000118983093607124,0.000118983093606125
"AAGTGAGTCGGGTTTA-1_24",0.116663456106747,0.029629108124312,0.000178901853097588,0.000178901853097591,0.00017890185309759,0.000178901853097587,0.000178901853097587,0.065693137671849,0.0487998991441163,0.0450498414113708,0.113162162553499,0.0784195332417106,0.0372834292282267,0.448024207400124,0.0163807158525569
"AAGTGCCTTGACTGTA-1_24",0.155983191985784,0.0448912208608199,8.15167155717376e-05,0.108239892344496,0.0187341000050137,8.15167155717222e-05,0.210416303329636,0.313987625587262,8.15167155717323e-05,8.15167155717327e-05,8.15167155717317e-05,0.00733403945552921,0.0155128044032444,0.124411721733484,8.15167168717779e-05
"AAGTGTTTGGAGACGG-1_24",0.0547131894114236,0.0107302484698784,0.468716160574737,0.000176781641382792,0.000117326546812019,0.0948913752740912,0.160593876770965,0.000117326546811997,0.00011732654681202,0.00251121957736276,0.000117326546812027,0.116087923175044,0.0200838854228831,0.0303297900238267,0.0406962434711586
"AAGTTCACTCCAAGCT-1_24",0.1765617634279,0.00829764352910111,0.345733710828078,0.0170945829468069,0.00017612467944567,0.0823069513578146,0.181467940841106,0.000176124679445665,0.000176124679445669,0.00376147201859896,0.000176124679445672,0.120109138523492,0.00953862986563987,0.027419759668237,0.0270039082754433
"AAGTTCGGCCAACAGG-1_24",0.189374658980984,0.0478593041441432,0.000129944545098499,0.000129944545098497,0.0782739375729324,0.000129944545098495,0.000129944545098505,0.000129944545098496,0.093038893961105,0.000129944545098499,0.0241265775075636,0.412233923476219,0.0601506395774773,0.0928318471271214,0.00133055038186306
"AAGTTGTGATGTTATA-1_24",0.311299722805816,0.0651358760056298,0.0726810229076557,0.236030487094871,4.70647439579684e-05,4.70647439579649e-05,4.70647439579562e-05,0.106744817348334,0.0577350414756634,4.706474395796e-05,0.0492287620403112,0.0585994339304572,0.042262447928998,4.70647440223116e-05,4.70647424094609e-05
"AAGTTTATGGGCCCAA-1_24",0.116218553069704,0.0293347811754437,0.117494383800506,0.0202381628384497,0.104585401889913,0.0207022484240896,0.000182126863300234,0.056196243068094,0.045913039794217,0.0448853986197674,0.070413126386022,0.0476637042429462,0.09028085731881,0.230274858920672,0.00561711358806516
"AATAACACTAGAACAA-1_24",0.0679379165868155,0.0171484086736542,0.000181206717567113,0.000181206717567109,0.0220765636971928,0.0320357663200252,0.000181206717567108,0.000181206717567113,0.0081099836797915,0.0178330905483372,0.0886718966503135,0.260033011559164,0.0633343983155801,0.421912930381289,0.000181206717568239
"AATAATCTTCGTATCG-1_24",0.313316357962325,0.0779044113135999,0.166671154726087,0.0513607862778652,0.00014547463009461,0.000145474630094622,0.00419054172714089,0.271139306863992,0.0265806947650104,0.0366339733381797,0.00014547463009461,0.0353966408616363,0.00014547463009461,0.000145474630135508,0.0160787590136494
"AATACCGGAGGGCTGT-1_24",0.339974792953565,0.104735951184399,6.50614044838924e-05,6.50614044838925e-05,0.0355810638876304,0.0747509806050822,6.50614044838976e-05,6.50614044838944e-05,0.0407660777817191,6.50614044838934e-05,0.0480403623790885,0.17941811791142,0.020774324258589,0.155567960611605,6.50614044833464e-05
"AATAGAACAGAGTGGC-1_24",0.172348678760746,0.0412112837840792,0.0166630328464227,0.00823899947943204,0.0403688570054198,0.000182080777481922,0.0221296900602702,0.000182080777481924,0.000182080777481924,0.0720314414427341,0.0302272245024913,0.00424638157258196,0.000182080777481925,0.517883330547547,0.0739227568883482
"AATAGAATCTGTTTCA-1_24",0.0777647755384971,0.0451796669751854,0.335333280488942,0.175184342958053,0.000174034335110681,0.000174034335110681,0.125332046985389,0.00017403433511068,0.0287195747065772,0.0455378389453905,0.000174034335110682,0.129724801919616,0.0141595993605638,0.0221939004462318,0.000174034335111766
"AATAGTCCGTCCCGAC-1_24",0.140320760564059,0.0539231609181087,0.157525944435949,0.000278557205284339,0.000278557205284335,0.0801737820981538,0.0150559691887415,0.144677815930077,0.149731229612029,0.000278557205284338,0.0383174323512192,0.0453682618508005,0.00748031392770003,0.108026249260126,0.0585634082471839
"AATATCGAATCAATGC-1_24",0.0521615513989091,0.022657022365286,0.000130407677022265,0.0170783988142221,0.152199774824221,0.000111460861907712,0.33333152310149,0.352221155720752,0.000114697470516385,0.000111460861907707,0.000111460861907708,0.0439173445132173,0.00586406686926842,0.0198782137970745,0.000111460862297964
"AATATCGAGGGTTCTC-1_24",0.0754578486829599,0.0216053994179614,0.000113325479109195,0.278970772349674,0.366424498766015,0.0595097067882852,0.0252490413986386,0.000113325479109219,0.000113325479109196,0.0001133254791092,0.000113325479109196,0.163156395355605,0.000113325479109195,0.00883305888669976,0.000113325479505983
"AATCATGTAAAGACTC-1_24",0.115808988199908,0.018694959139292,0.292326707061108,0.0746688682850266,0.000170702814324668,0.139302472250473,0.120786079800158,0.0729825932861883,0.000170702814324668,0.0162016688845422,0.000170702814324668,0.0966526902661321,0.0270812341769908,0.0174429586691254,0.00753867153808292
"AATCCAAGGGCCTGAG-1_24",0.0597313432459345,0.0126194129013216,0.0394682783807379,0.131813104459224,0.665659812609367,0.0355360065091824,0.00684689826120085,0.000115943128691894,7.9112098931132e-05,7.4456810749117e-05,9.27397816953474e-05,0.0224829821925913,0.00472236577321897,0.0206830870364585,7.44568106958536e-05
"AATCGCCTCAGCGCCA-1_24",0.107661489108227,0.0415724312342549,0.153877063051102,0.0301410058846502,0.23463161387298,0.0341017791014019,0.129282533538547,0.0839489436498475,0.000251782970553612,0.0412329380986117,0.00532249116297832,0.0858024137881146,0.000251782970553614,0.0270373351443501,0.0248843964238274
"AATCGCGCAGAGGACT-1_24",0.131849136763846,0.0216142528199757,0.000146557556998037,0.47674698772899,0.180167329873734,0.0498351006544778,0.00950810336490397,0.000119287034990424,0.000558220038136539,0.000119287034993277,0.0334551940573908,0.0893831089008236,0.000119287034993271,0.00011928703532359,0.00625886010042314
"AATCGTGAGCCGAGCA-1_24",0.0953315707445857,0.0334374699523422,0.232198536494437,0.000178617766588832,0.000178617766588831,0.12286818517364,0.238998075575222,0.000178617766588829,0.000178617766588836,0.00827865329006161,0.000178617766588831,0.186159248935474,0.000178617766588831,0.00602493249808935,0.0756316207366153
"AATCTATGCCGGAGCC-1_24",0.107676038589382,0.0150697387625489,0.244472155656687,0.261389955049993,0.000164662822565773,0.02574875286291,0.00766670398153752,0.000116489525659969,0.000116489525659971,0.062472637223332,0.000116489525659968,0.188535604823973,0.000116489525659969,0.0833660036227259,0.0029717885017054
"AATCTGCGTTGGGACG-1_24",0.0632202433968577,0.016553705581339,5.43956769390293e-05,0.0749468792308158,0.104872402674752,5.43956769390262e-05,0.613679867168183,0.0449231100504947,0.0122294998195341,0.0216493528013134,5.43956769390238e-05,0.040603131874104,5.43956769390321e-05,0.00704982901790404,5.43956769462374e-05
"AATGACGTAGGATGTC-1_24",0.124981866912808,0.0221510675345447,0.390934933965048,0.0573370490804183,0.000119085296178465,0.0614959807355939,0.0961557717458298,0.000119085296178462,0.000119085296178461,0.000119085296178459,0.000119085296178458,0.175791258588408,0.0412492414669305,0.000119085296595272,0.0291883181929314
"AATGACTGTCAGCCGG-1_24",0.0809751875359171,0.0147926873432684,0.0291589311097148,0.0563222837382007,0.203854331197906,0.000159379465893561,0.290692043779397,0.0848549394565001,0.00832381425052417,0.00113086427680181,0.0706166253067039,0.114301781245058,0.0137958090994079,0.0308619427287954,0.000159379465910539
"AATGATGATACGCTAT-1_24",0.154942248289916,0.0243271274181864,7.84716651652218e-05,0.322965557048762,0.362799356067107,0.000115989215460091,0.000111512708349891,7.84716653679955e-05,7.84716651652232e-05,7.84716651652177e-05,0.00608223092361634,0.0997012594090341,7.84716651652188e-05,0.026585420561507,0.0019769400320325
"AATGATGCGACTCCTG-1_24",0.110016989356274,0.0250287609535705,5.52617709350169e-05,0.705528849973237,0.000170054446529783,5.52617709350222e-05,0.0450406256011986,5.5261770935041e-05,5.52617709350185e-05,0.023429161918199,5.52617709350191e-05,0.0819652778254714,5.52617709350173e-05,0.00843344752733749,5.52617725722155e-05
"AATGCAACCGGGTACC-1_24",0.272420678225439,0.123725374719034,0.118692218483742,0.0113297822214737,0.156246606028381,0.000137261899610903,0.000137261899610913,0.000184631092804261,0.193938584466904,0.0674817264293926,0.0310158201931189,0.00013726189961091,0.000137261899610904,0.0242782686416608,0.000137261899606431
"AATGCACCAAGCAATG-1_24",0.183633009183989,0.0185298142929217,0.313776444679362,0.297261687070542,0.000116969347555557,0.0001156916334696,0.060134356928729,0.000115691633452279,0.000115691633469598,0.0341934775027765,0.000115691633469601,0.0838417347199555,0.000115691633469603,0.00452543932119874,0.00340860878564021
"AATGTGCTAATCTGAG-1_24",0.268269992944271,0.042534534490977,0.0179597587025718,2.72048278757655e-06,2.72048278757616e-06,0.0956643939077785,2.72048278757541e-06,2.72048278757261e-06,0.0109547786770905,0.0731637172627897,0.0454816522191259,0.0980863211105689,0.110542259545577,0.237328988725902,2.7204821967667e-06
